0001
0010
0015
0018
0021
0024
0025
0026
0028
0030
0031
0032
0033
0034
0037
0040
0045
0046
0047
0048
0050
0051
0055
0060
0101
0102
0103
0104
0105
0106
0107
0109
0110
0111
0112
0113
0114
0115
0116
0117
0118
0119
0120
0121
0122
0123
0124
0125
0128
0129
0130
0131
0132
0133
0134
0135
0136
0138
0139
0140
0150
0151
0152
0153
0154
0155
0157
0158
0159
0160
0161
0162
0164
0165
0166
0167
0168
0169
0170
0171
0172
0173
0174
0175
0176
0177
0178
0179
0180
0181
0182
0183
0184
0185
0186
0187
0188
0190
0191
0192
0193
0194
0195
0196
0198
0201
0202
0203
0204
0207
0208
0211
0212
0213
0214
0215
0216
0217
0218
0230
0240
0244
0247
0250
0251
0252
0253
0254
0255
0256
0257
0258
0259
0260
0262
0263
0264
0265
0266
0267
0268
0270
0271
0272
0273
0274
0275
0276
0277
0278
0279
0280
0281
0282
0283
0284
0286
0287
0301
0302
0303
0304
0305
0306
0307
0308
0309
0311
0313
0314
0315
0316
0317
0318
0319
0323
0330
0340
0349
0350
0351
0352
0353
0354
0355
0356
0357
0358
0359
0360
0361
0362
0363
0364
0365
0366
0367
0368
0369
0370
0371
0372
0373
0374
0375
0376
0377
0378
0379
0380
0381
0382
0383
0401
0402
0403
0404
0405
0406
0408
0409
0410
0411
0412
0413
0415
0421
0422
0423
0424
0440
0441
0442
0445
0450
0451
0452
0454
0455
0456
0457
0458
0459
0460
0461
0462
0463
0464
0465
0467
0468
0469
0470
0472
0473
0474
0475
0476
0477
0478
0479
0480
0481
0482
0483
0484
0485
0486
0487
0488
0489
0490
0491
0492
0493
0494
0495
0496
0501
0502
0503
0504
0505
0506
0507
0508
0509
0510
0511
0512
0513
0515
0516
0517
0518
0520
0540
0550
0551
0552
0553
0554
0555
0556
0557
0558
0559
0560
0561
0562
0563
0564
0565
0566
0567
0568
0569
0570
0571
0572
0573
0574
0575
0576
0577
0578
0579
0580
0581
0582
0583
0584
0585
0586
0587
0588
0589
0590
0591
0592
0593
0594
0595
0596
0597
0598
0601
0602
0603
0604
0605
0606
0607
0608
0609
0611
0612
0613
0614
0615
0616
0617
0618
0619
0620
0621
0622
0623
0624
0626
0650
0651
0652
0653
0654
0655
0656
0657
0658
0659
0660
0661
0662
0663
0664
0665
0666
0667
0668
0669
0670
0671
0672
0673
0674
0675
0676
0677
0678
0679
0680
0681
0682
0683
0684
0685
0686
0687
0688
0689
0690
0691
0692
0693
0694
0701
0702
0705
0710
0712
0750
0751
0752
0753
0754
0755
0756
0757
0758
0760
0763
0764
0765
0766
0767
0768
0770
0771
0772
0773
0774
0775
0776
0777
0778
0779
0781
0782
0783
0784
0785
0786
0787
0788
0789
0790
0791
0801
0805
0806
0807
0840
0850
0851
0852
0853
0854
0855
0856
0857
0858
0860
0861
0862
0863
0864
0870
0871
0872
0873
0874
0875
0876
0877
0880
0881
0882
0883
0884
0890
0891
0901
0902
0903
0904
0905
0907
0908
0913
0914
0915
0950
0951
0952
0953
0954
0955
0956
0957
0958
0959
0960
0962
0963
0964
0968
0969
0970
0971
0972
0973
0975
0976
0977
0978
0979
0980
0981
0982
0983
0984
0985
0986
0987
0988
1001
1003
1005
1006
1007
1008
1009
1011
1051
1052
1053
1054
1055
1056
1061
1062
1063
1064
1065
1067
1068
1069
1071
1081
1083
1084
1086
1087
1088
1089
1101
1102
1108
1109
1112
1150
1151
1152
1153
1154
1155
1156
1157
1158
1160
1161
1162
1163
1164
1165
1166
1167
1168
1169
1170
1172
1176
1177
1178
1179
1181
1182
1184
1185
1187
1188
1189
1201
1203
1204
1205
1207
1214
1215
1250
1251
1252
1253
1254
1255
1256
1257
1258
1259
1262
1263
1266
1270
1271
1272
1273
1274
1275
1278
1279
1281
1283
1284
1285
1286
1290
1291
1294
1295
1300
1301
1302
1303
1304
1305
1306
1307
1308
1309
1311
1312
1313
1314
1316
1317
1318
1319
1321
1322
1323
1324
1325
1326
1327
1328
1329
1330
1331
1332
1333
1334
1335
1336
1337
1338
1339
1340
1341
1342
1344
1346
1348
1349
1350
1351
1352
1353
1354
1356
1357
1358
1359
1360
1361
1362
1363
1364
1365
1366
1367
1368
1369
1371
1372
1373
1375
1376
1377
1378
1379
1380
1381
1383
1384
1385
1386
1387
1388
1389
1390
1391
1392
1393
1394
1395
1396
1397
1399
1400
1401
1402
1403
1404
1405
1406
1407
1408
1409
1410
1411
1412
1413
1414
1415
1416
1417
1418
1419
1420
1421
1429
1430
1431
1432
1433
1434
1435
1440
1441
1442
1443
1444
1445
1446
1447
1448
1449
1450
1451
1452
1453
1454
1455
1456
1457
1458
1459
1465
1466
1467
1468
1469
1470
1471
1472
1473
1474
1475
1476
1477
1478
1479
1480
1481
1482
1483
1484
1485
1486
1487
1488
1501
1502
1503
1504
1506
1508
1509
1510
1511
1512
1513
1514
1515
1516
1517
1518
1519
1520
1521
1522
1523
1524
1525
1526
1528
1529
1530
1531
1532
1533
1534
1535
1536
1537
1538
1539
1540
1541
1545
1550
1555
1556
1560
1561
1570
1580
1581
1590
1591
1592
1593
1596
1597
1598
1599
1601
1602
1604
1605
1606
1607
1608
1609
1610
1612
1613
1614
1615
1616
1617
1618
1619
1620
1621
1624
1625
1626
1628
1629
1630
1632
1633
1634
1636
1637
1638
1639
1640
1641
1642
1650
1651
1653
1654
1655
1657
1658
1659
1661
1662
1663
1664
1665
1666
1667
1670
1671
1672
1673
1675
1676
1678
1679
1680
1682
1683
1684
1690
1692
1701
1702
1703
1704
1705
1706
1707
1708
1709
1710
1711
1712
1713
1714
1715
1718
1719
1720
1721
1722
1723
1724
1725
1726
1727
1730
1733
1734
1735
1738
1739
1740
1742
1743
1745
1746
1747
1751
1752
1753
1754
1757
1759
1760
1761
1762
1763
1764
1765
1766
1767
1768
1769
1771
1772
1776
1777
1778
1779
1781
1782
1783
1784
1785
1786
1787
1788
1789
1790
1791
1792
1793
1794
1796
1798
1799
1801
1802
1803
1804
1805
1806
1807
1808
1809
1811
1812
1813
1814
1815
1816
1820
1823
1825
1827
1830
1831
1832
1833
1850
1851
1859
1860
1861
1866
1867
1870
1871
1875
1878
1880
1890
1891
1892
1893
1900
1901
1903
1910
1911
1912
1914
1916
1917
1920
1921
1923
1924
1925
1926
1927
1928
1929
1930
1931
1940
1941
1950
1954
1960
1961
1963
1970
1971
2000
2001
2003
2004
2005
2006
2007
2008
2009
2010
2011
2012
2013
2014
2015
2016
2017
2018
2019
2020
2021
2022
2023
2024
2025
2026
2027
2028
2030
2031
2032
2033
2034
2035
2036
2040
2041
2050
2051
2052
2053
2054
2055
2056
2057
2058
2060
2061
2062
2063
2066
2067
2068
2069
2070
2071
2072
2073
2074
2076
2080
2081
2090
2091
2092
2093
2094
2100
2101
2110
2114
2116
2120
2123
2130
2133
2134
2150
2151
2160
2161
2162
2164
2165
2166
2170
2201
2202
2203
2204
2205
2206
2207
2208
2209
2210
2211
2212
2213
2214
2216
2217
2218
2219
2220
2223
2224
2225
2226
2230
2231
2232
2233
2235
2240
2241
2256
2260
2261
2264
2265
2266
2270
2271
2280
2283
2301
2302
2303
2304
2305
2306
2307
2308
2309
2312
2313
2314
2315
2316
2317
2318
2319
2320
2321
2322
2323
2324
2325
2326
2330
2332
2333
2334
2335
2336
2337
2338
2340
2341
2344
2345
2350
2353
2355
2360
2364
2365
2372
2380
2381
2382
2383
2384
2385
2386
2387
2388
2389
2390
2391
2401
2402
2403
2404
2405
2406
2407
2408
2409
2410
2411
2412
2413
2414
2415
2416
2418
2420
2421
2422
2423
2425
2427
2428
2429
2430
2432
2435
2436
2437
2438
2439
2440
2443
2446
2448
2450
2451
2460
2476
2477
2478
2480
2481
2485
2486
2487
2488
2500
2501
2510
2512
2540
2542
2544
2550
2552
2555
2560
2561
2580
2581
2582
2584
2601
2602
2603
2604
2605
2606
2607
2608
2609
2610
2611
2612
2613
2614
2615
2616
2617
2618
2619
2624
2625
2626
2629
2630
2631
2632
2633
2634
2635
2636
2637
2639
2640
2642
2643
2645
2646
2647
2648
2649
2651
2652
2653
2656
2657
2658
2659
2660
2661
2662
2663
2664
2665
2666
2667
2668
2669
2670
2672
2673
2674
2675
2676
2677
2680
2682
2683
2684
2685
2686
2687
2688
2690
2693
2694
2695
2711
2712
2713
2714
2715
2716
2717
2718
2720
2730
2740
2742
2743
2750
2760
2770
2801
2802
2803
2804
2805
2806
2807
2808
2809
2810
2811
2815
2816
2817
2818
2819
2820
2821
2822
2825
2827
2830
2831
2832
2833
2834
2835
2836
2837
2838
2839
2840
2843
2846
2847
2848
2849
2850
2851
2853
2854
2857
2858
2860
2861
2862
2864
2866
2867
2870
2879
2880
2881
2882
2890
2893
2900
2901
2907
2909
2910
2917
2918
2920
2923
2929
2930
2933
2936
2937
2939
2940
2943
2950
2952
2953
2954
2959
2960
2965
2966
2967
2972
2973
2974
2975
2977
2985
3001
3002
3003
3004
3005
3006
3007
3008
3009
3010
3011
3012
3013
3014
3015
3016
3017
3018
3019
3021
3022
3023
3024
3025
3026
3027
3028
3029
3030
3031
3032
3033
3034
3035
3036
3037
3038
3039
3040
3041
3042
3043
3044
3045
3046
3047
3048
3050
3051
3053
3054
3055
3056
3057
3058
3060
3061
3070
3071
3072
3073
3074
3075
3076
3077
3080
3081
3082
3083
3084
3085
3086
3087
3088
3089
3090
3091
3092
3095
3101
3103
3104
3105
3106
3107
3108
3109
3110
3111
3112
3113
3114
3115
3116
3117
3118
3119
3120
3121
3122
3123
3124
3125
3126
3127
3128
3129
3131
3132
3133
3135
3137
3138
3139
3140
3141
3142
3143
3144
3145
3148
3150
3151
3152
3153
3154
3157
3158
3159
3160
3161
3162
3163
3164
3165
3166
3167
3168
3169
3170
3171
3172
3173
3174
3175
3176
3177
3178
3179
3180
3181
3182
3183
3184
3185
3186
3187
3188
3189
3191
3192
3193
3194
3195
3196
3199
3201
3202
3203
3204
3205
3206
3207
3208
3209
3210
3211
3212
3213
3214
3215
3216
3217
3218
3219
3220
3221
3222
3223
3224
3225
3226
3227
3228
3229
3230
3231
3232
3233
3234
3235
3236
3237
3238
3239
3240
3241
3242
3243
3244
3245
3246
3249
3251
3252
3253
3254
3255
3256
3257
3258
3259
3260
3261
3262
3263
3264
3265
3267
3268
3269
3270
3271
3274
3275
3276
3277
3280
3281
3282
3284
3285
3290
3291
3292
3294
3295
3296
3297
3300
3301
3302
3303
3320
3321
3322
3330
3331
3340
3341
3342
3350
3351
3355
3358
3359
3360
3361
3370
3371
3401
3402
3403
3404
3405
3406
3407
3408
3409
3410
3411
3412
3413
3414
3420
3421
3425
3426
3427
3428
3430
3431
3440
3441
3442
3470
3471
3472
3474
3475
3476
3477
3478
3479
3480
3481
3482
3483
3484
3490
3501
3502
3503
3504
3507
3510
3511
3512
3513
3514
3515
3516
3517
3518
3519
3520
3521
3522
3523
3524
3525
3526
3528
3529
3530
3531
3533
3534
3535
3536
3537
3538
3539
3540
3541
3544
3550
3551
3560
3561
3570
3571
3575
3576
3577
3579
3580
3581
3588
3593
3595
3601
3602
3603
3604
3605
3606
3608
3609
3610
3611
3612
3613
3614
3615
3616
3617
3618
3619
3620
3621
3622
3623
3624
3626
3627
3628
3629
3630
3631
3632
3646
3647
3648
3650
3652
3656
3658
3660
3661
3665
3666
3671
3672
3673
3674
3675
3676
3677
3678
3679
3680
3681
3683
3684
3690
3691
3692
3697
3701
3702
3703
3704
3705
3707
3710
3711
3712
3713
3714
3715
3716
3717
3718
3719
3720
3721
3722
3723
3724
3725
3726
3727
3728
3729
3730
3731
3732
3733
3734
3735
3736
3737
3738
3739
3740
3741
3742
3743
3744
3746
3747
3748
3749
3750
3753
3760
3766
3770
3772
3780
3781
3783
3785
3787
3788
3789
3790
3791
3792
3793
3794
3795
3796
3798
3799
3800
3801
3802
3803
3804
3805
3810
3811
3812
3820
3825
3830
3831
3832
3833
3834
3835
3836
3840
3841
3844
3848
3849
3850
3852
3853
3854
3855
3864
3870
3880
3882
3883
3884
3885
3886
3887
3888
3890
3891
3893
3895
3901
3902
3903
3904
3905
3906
3910
3911
3912
3913
3914
3915
3916
3917
3918
3919
3920
3921
3922
3924
3925
3928
3929
3930
3931
3933
3936
3937
3939
3940
3941
3942
3943
3944
3946
3947
3948
3949
3950
3960
3961
3962
3965
3966
3967
3970
3991
3993
3994
3995
3996
3997
3998
3999
4001
4002
4003
4004
4005
4006
4007
4008
4009
4010
4011
4012
4013
4014
4015
4016
4017
4018
4019
4020
4021
4022
4023
4024
4025
4026
4027
4028
4029
4031
4032
4033
4034
4035
4036
4041
4042
4043
4044
4045
4046
4047
4048
4049
4050
4051
4052
4053
4054
4055
4056
4057
4058
4059
4064
4065
4066
4067
4068
4069
4070
4071
4072
4073
4076
4077
4078
4079
4081
4082
4083
4084
4085
4086
4087
4088
4089
4090
4091
4092
4093
4094
4095
4096
4097
4098
4099
4100
4102
4110
4119
4120
4123
4124
4126
4127
4128
4129
4130
4134
4137
4139
4146
4148
4150
4152
4153
4154
4156
4158
4159
4160
4161
4163
4164
4167
4168
4169
4170
4173
4174
4180
4181
4182
4187
4198
4200
4201
4208
4209
4230
4233
4234
4235
4237
4239
4240
4244
4250
4260
4262
4264
4265
4270
4272
4274
4275
4276
4280
4291
4294
4295
4296
4297
4298
4299
4301
4302
4306
4307
4308
4309
4310
4311
4312
4313
4314
4315
4316
4317
4318
4319
4320
4321
4322
4323
4324
4325
4326
4327
4328
4329
4330
4332
4333
4335
4336
4337
4338
4339
4340
4341
4342
4343
4344
4345
4346
4347
4348
4349
4352
4353
4354
4355
4356
4357
4358
4360
4362
4363
4364
4365
4367
4368
4369
4370
4371
4372
4373
4374
4375
4376
4378
4379
4380
4381
4387
4389
4391
4392
4393
4394
4395
4396
4397
4398
4400
4401
4402
4403
4420
4432
4434
4436
4438
4440
4441
4443
4460
4462
4463
4465
4473
4480
4484
4485
4490
4491
4492
4501
4502
4503
4504
4507
4508
4509
4513
4514
4515
4516
4517
4519
4520
4521
4522
4523
4524
4525
4528
4529
4532
4534
4536
4540
4544
4550
4551
4552
4553
4554
4557
4558
4560
4563
4575
4576
4577
4579
4580
4586
4588
4590
4595
4596
4604
4605
4606
4608
4609
4610
4611
4612
4613
4614
4615
4616
4617
4618
4619
4620
4621
4622
4623
4624
4625
4626
4628
4629
4630
4631
4632
4633
4634
4635
4636
4637
4638
4639
4640
4641
4642
4643
4644
4645
4646
4647
4656
4657
4658
4661
4662
4663
4664
4665
4666
4670
4671
4672
4673
4674
4675
4676
4677
4678
4679
4681
4682
4683
4684
4685
4686
4687
4688
4689
4691
4693
4694
4695
4696
4697
4698
4699
4700
4701
4702
4703
4705
4706
4707
4708
4715
4720
4724
4730
4733
4734
4735
4737
4741
4742
4745
4747
4748
4754
4755
4756
4760
4766
4768
4770
4780
4790
4791
4792
4793
4794
4795
4801
4802
4803
4804
4808
4809
4810
4812
4815
4816
4817
4818
4820
4821
4823
4824
4825
4827
4828
4830
4832
4834
4836
4838
4839
4841
4842
4843
4844
4846
4847
4848
4849
4851
4852
4853
4854
4855
4856
4857
4858
4859
4862
4863
4864
4865
4868
4869
4870
4876
4877
4878
4879
4884
4885
4886
4887
4888
4889
4891
4892
4893
4894
4896
4898
4900
4901
4902
4909
4910
4912
4915
4916
4920
4934
4950
4951
4952
4953
4955
4956
4957
4971
4972
4973
4974
4980
4985
4990
4993
4994
5003
5004
5005
5006
5007
5008
5009
5010
5011
5012
5013
5014
5015
5016
5017
5018
5019
5020
5021
5022
5031
5032
5033
5034
5035
5036
5037
5038
5039
5041
5042
5043
5045
5052
5053
5054
5055
5056
5057
5058
5059
5063
5067
5068
5072
5073
5075
5081
5082
5089
5093
5094
5096
5097
5098
5099
5101
5104
5105
5106
5107
5108
5109
5111
5113
5114
5115
5116
5117
5118
5119
5121
5122
5124
5130
5131
5132
5134
5135
5136
5137
5141
5142
5143
5144
5145
5146
5147
5148
5151
5152
5153
5154
5155
5160
5161
5162
5163
5164
5165
5170
5171
5172
5173
5174
5176
5177
5178
5179
5183
5184
5200
5201
5202
5203
5206
5207
5208
5209
5210
5211
5212
5213
5214
5215
5216
5217
5218
5221
5222
5223
5224
5225
5226
5227
5228
5229
5230
5231
5232
5235
5236
5237
5238
5239
5243
5244
5251
5252
5253
5254
5257
5258
5259
5260
5261
5262
5263
5264
5265
5267
5268
5281
5282
5283
5284
5285
5286
5291
5293
5299
5300
5301
5302
5303
5304
5305
5306
5307
5308
5309
5310
5311
5314
5315
5318
5319
5321
5322
5323
5325
5326
5327
5329
5331
5333
5334
5335
5336
5337
5341
5342
5343
5345
5346
5347
5350
5353
5354
5355
5357
5358
5360
5363
5365
5366
5371
5374
5378
5379
5380
5381
5382
5384
5385
5387
5388
5392
5393
5394
5396
5397
5398
5399
5401
5402
5403
5404
5406
5407
5408
5409
5410
5411
5412
5413
5414
5415
5416
5417
5418
5419
5420
5423
5427
5428
5430
5437
5440
5443
5444
5445
5447
5449
5450
5451
5452
5453
5454
5455
5457
5458
5459
5460
5462
5463
5464
5465
5470
5472
5473
5474
5475
5476
5480
5484
5486
5498
5499
5501
5502
5503
5504
5505
5506
5507
5508
5509
5511
5512
5514
5515
5516
5517
5518
5519
5521
5522
5523
5525
5527
5528
5529
5531
5532
5533
5534
5535
5536
5537
5538
5541
5542
5544
5545
5546
5547
5548
5549
5550
5551
5554
5555
5559
5560
5561
5562
5563
5565
5566
5567
5568
5570
5574
5575
5576
5578
5580
5582
5583
5584
5585
5586
5588
5589
5590
5591
5593
5594
5595
5596
5598
5600
5601
5602
5604
5605
5610
5612
5614
5620
5626
5627
5628
5629
5630
5631
5632
5633
5635
5636
5637
5640
5641
5642
5643
5644
5645
5646
5647
5648
5649
5650
5651
5652
5653
5680
5683
5685
5687
5690
5693
5694
5695
5696
5700
5701
5702
5703
5704
5705
5706
5707
5708
5709
5710
5711
5712
5713
5714
5715
5718
5719
5720
5721
5722
5723
5724
5725
5726
5727
5728
5729
5730
5731
5732
5733
5734
5736
5741
5742
5743
5745
5746
5747
5748
5749
5750
5751
5752
5760
5763
5770
5773
5776
5777
5778
5779
5780
5781
5782
5783
5784
5785
5786
5787
5788
5802
5803
5804
5805
5806
5807
5808
5809
5810
5811
5812
5813
5814
5815
5816
5817
5818
5819
5820
5821
5822
5823
5824
5825
5826
5827
5828
5829
5830
5831
5832
5833
5834
5835
5836
5837
5838
5841
5843
5844
5845
5847
5848
5849
5851
5852
5853
5854
5855
5857
5858
5859
5861
5862
5863
5864
5865
5866
5867
5868
5869
5872
5873
5876
5877
5878
5879
5881
5884
5886
5887
5888
5889
5892
5893
5895
5896
5899
5902
5903
5904
5906
5907
5908
5911
5912
5913
5914
5915
5916
5917
5918
5931
5936
5937
5938
5939
5941
5943
5947
5948
5951
5952
5953
5954
5955
5956
5957
5960
5961
5962
5966
5967
5970
5977
5978
5979
5981
5982
5983
5984
5986
5987
5991
5993
5994
6001
6002
6003
6004
6005
6006
6007
6008
6009
6010
6011
6012
6013
6014
6015
6016
6017
6018
6019
6020
6021
6022
6023
6024
6025
6026
6028
6030
6035
6036
6037
6038
6039
6040
6044
6045
6046
6047
6048
6050
6051
6052
6055
6057
6058
6059
6060
6062
6063
6064
6065
6067
6068
6069
6070
6076
6080
6082
6083
6084
6085
6087
6089
6090
6091
6092
6094
6095
6096
6098
6099
6100
6101
6102
6103
6104
6105
6106
6110
6120
6133
6139
6140
6141
6142
6143
6144
6146
6149
6150
6151
6152
6153
6154
6155
6156
6160
6161
6165
6166
6170
6174
6183
6184
6190
6196
6200
6201
6210
6211
6212
6213
6214
6215
6216
6218
6220
6222
6224
6230
6238
6239
6240
6249
6250
6259
6260
6263
6264
6265
6270
6272
6280
6281
6282
6283
6285
6290
6292
6293
6294
6300
6301
6310
6315
6320
6330
6339
6350
6360
6363
6364
6386
6387
6390
6391
6392
6393
6394
6395
6396
6397
6398
6399
6401
6402
6403
6404
6405
6407
6408
6409
6410
6411
6412
6413
6414
6415
6416
6418
6419
6421
6422
6423
6425
6429
6430
6431
6433
6434
6435
6436
6440
6443
6444
6445
6447
6450
6453
6454
6455
6456
6457
6460
6461
6462
6470
6472
6475
6476
6480
6481
6483
6484
6486
6487
6488
6490
6493
6494
6499
6501
6502
6503
6504
6506
6507
6508
6509
6510
6511
6512
6514
6515
6516
6517
6518
6520
6521
6522
6523
6524
6525
6529
6530
6531
6532
6533
6538
6539
6546
6547
6548
6549
6570
6571
6590
6600
6601
6610
6611
6612
6613
6620
6622
6628
6629
6630
6631
6633
6636
6637
6638
6639
6640
6642
6643
6644
6645
6650
6652
6653
6655
6656
6657
6658
6659
6670
6674
6680
6683
6686
6687
6688
6689
6690
6693
6694
6697
6698
6699
6700
6701
6702
6703
6704
6707
6708
6710
6711
6713
6714
6715
6716
6717
6718
6719
6721
6723
6726
6727
6728
6729
6730
6734
6737
6740
6741
6750
6751
6761
6763
6770
6771
6772
6776
6777
6778
6779
6781
6782
6783
6784
6788
6789
6791
6792
6793
6795
6796
6797
6798
6799
6800
6801
6802
6803
6804
6805
6806
6807
6808
6809
6810
6811
6812
6813
6814
6815
6817
6818
6819
6820
6821
6822
6823
6826
6827
6828
6829
6841
6843
6847
6848
6849
6851
6852
6853
6854
6855
6856
6858
6859
6861
6863
6866
6868
6869
6870
6871
6872
6873
6875
6876
6877
6878
6879
6881
6882
6884
6885
6886
6887
6888
6891
6893
6894
6895
6896
6898
6899
6900
6901
6902
6903
6905
6906
6907
6908
6909
6910
6912
6913
6914
6915
6916
6917
6918
6919
6921
6924
6926
6927
6928
6929
6940
6941
6942
6944
6946
6947
6951
6953
6957
6958
6961
6963
6964
6966
6967
6968
6969
6971
6973
6975
6977
6978
6980
6981
6982
6983
6984
6985
6986
6987
6988
6991
6993
6995
6996
7003
7004
7005
7006
7010
7011
7012
7013
7014
7015
7016
7017
7018
7019
7020
7021
7022
7023
7024
7025
7026
7027
7028
7029
7030
7031
7032
7033
7034
7035
7036
7037
7038
7039
7040
7041
7042
7043
7044
7045
7046
7047
7048
7049
7050
7051
7052
7053
7054
7055
7056
7057
7058
7059
7066
7067
7068
7069
7070
7071
7072
7074
7075
7078
7079
7080
7081
7082
7083
7088
7089
7091
7092
7093
7097
7098
7099
7100
7101
7105
7110
7112
7113
7114
7119
7120
7121
7125
7126
7127
7129
7130
7140
7142
7150
7152
7153
7156
7159
7160
7165
7166
7167
7168
7169
7170
7176
7177
7178
7180
7190
7194
7200
7201
7203
7206
7211
7212
7213
7221
7223
7224
7227
7228
7231
7232
7234
7235
7236
7238
7239
7240
7241
7242
7243
7246
7247
7250
7252
7255
7256
7257
7259
7260
7261
7263
7264
7266
7268
7270
7273
7280
7282
7284
7285
7286
7287
7288
7289
7290
7291
7295
7298
7300
7301
7302
7310
7315
7316
7318
7319
7320
7321
7327
7329
7331
7332
7333
7334
7335
7336
7338
7340
7341
7342
7343
7345
7350
7351
7353
7354
7355
7357
7358
7361
7370
7372
7374
7380
7383
7384
7386
7387
7391
7392
7393
7397
7398
7399
7400
7401
7402
7403
7404
7405
7406
7407
7408
7409
7410
7411
7412
7413
7414
7415
7416
7417
7418
7419
7420
7421
7422
7424
7425
7426
7427
7428
7429
7430
7431
7432
7433
7434
7435
7436
7437
7438
7439
7440
7441
7442
7443
7444
7445
7446
7447
7448
7449
7450
7451
7452
7453
7454
7455
7456
7457
7458
7459
7461
7462
7463
7465
7466
7467
7468
7469
7470
7471
7472
7473
7474
7475
7476
7477
7478
7479
7480
7481
7482
7483
7484
7485
7486
7487
7488
7489
7490
7491
7492
7493
7494
7495
7496
7497
7500
7501
7502
7503
7504
7505
7506
7507
7508
7509
7510
7512
7513
7514
7517
7519
7520
7525
7529
7530
7531
7533
7540
7541
7549
7550
7551
7560
7562
7563
7566
7570
7580
7581
7583
7584
7590
7591
7596
7600
7601
7602
7603
7604
7605
7606
7607
7608
7609
7610
7619
7620
7622
7623
7624
7629
7630
7631
7632
7633
7634
7650
7651
7652
7653
7654
7655
7656
7657
7658
7660
7670
7671
7672
7690
7701
7702
7703
7704
7705
7707
7708
7709
7710
7711
7712
7713
7714
7715
7716
7717
7718
7724
7725
7726
7729
7730
7732
7734
7735
7736
7737
7738
7739
7740
7741
7742
7744
7745
7746
7748
7750
7751
7760
7761
7770
7771
7777
7790
7791
7796
7797
7800
7801
7802
7803
7804
7805
7808
7810
7817
7818
7819
7820
7821
7822
7856
7860
7863
7864
7869
7870
7871
7873
7882
7884
7890
7892
7893
7896
7898
7900
7901
7940
7944
7950
7960
7970
7971
7973
7976
7977
7980
7981
7982
7985
7990
7993
7994
8001
8002
8003
8004
8005
8006
8007
8008
8009
8010
8011
8012
8013
8014
8015
8016
8019
8020
8021
8022
8023
8026
8027
8028
8029
8030
8031
8037
8038
8041
8047
8048
8049
8050
8056
8058
8063
8064
8070
8071
8072
8073
8074
8075
8076
8079
8084
8086
8087
8088
8089
8091
8092
8093
8094
8095
8096
8097
8098
8099
8100
8102
8103
8108
8110
8114
8118
8120
8128
8130
8135
8136
8138
8140
8145
8146
8149
8150
8151
8157
8158
8159
8160
8161
8168
8170
8178
8181
8182
8184
8185
8186
8187
8188
8189
8190
8193
8195
8196
8197
8198
8200
8201
8202
8203
8205
8206
8207
8208
8209
8210
8211
8214
8215
8218
8219
8220
8226
8230
8231
8232
8233
8250
8251
8255
8256
8260
8261
8264
8266
8270
8271
8273
8274
8275
8276
8278
8281
8283
8285
8286
8288
8289
8290
8294
8297
8298
8300
8301
8305
8309
8310
8311
8312
8313
8314
8315
8316
8317
8320
8322
8323
8324
8325
8326
8328
8340
8352
8357
8360
8370
8372
8373
8376
8377
8378
8380
8382
8384
8387
8388
8390
8392
8393
8398
8400
8401
8402
8403
8404
8405
8406
8407
8408
8409
8410
8411
8412
8413
8414
8415
8416
8426
8428
8430
8432
8438
8439
8445
8447
8450
8455
8459
8465
8469
8470
8475
8480
8481
8483
8484
8485
8488
8489
8493
8501
8502
8503
8504
8505
8506
8507
8508
8509
8510
8512
8513
8514
8515
8516
8517
8518
8520
8522
8523
8530
8531
8533
8534
8535
8536
8539
8540
8543
8546
8590
8591
8601
8602
8603
8604
8607
8608
8610
8613
8614
8615
8616
8617
8618
8622
8624
8626
8630
8634
8638
8640
8641
8642
8643
8646
8647
8648
8651
8652
8654
8655
8656
8657
8658
8659
8660
8661
8663
8664
8665
8666
8672
8680
8681
8690
8691
8700
8701
8720
8723
8724
8725
8730
8732
8733
8735
8740
8742
8743
8750
8752
8753
8754
8762
8764
8766
8767
8770
8800
8801
8802
8803
8804
8805
8809
8813
8820
8827
8830
8842
8844
8850
8851
8852
8854
8860
8861
8865
8870
8880
8890
8891
8892
8897
8900
8901
8902
8904
8905
8906
8907
8908
8909
8910
8920
8921
8922
8960
8961
8976
8980
8981
8985
9006
9007
9008
9009
9010
9011
9012
9013
9014
9015
9016
9017
9018
9019
9020
9021
9022
9023
9024
9027
9029
9030
9034
9037
9038
9040
9042
9043
9046
9049
9050
9055
9056
9057
9059
9060
9062
9064
9068
9069
9100
9101
9102
9103
9104
9105
9106
9107
9108
9110
9118
9119
9120
9128
9130
9131
9132
9134
9135
9136
9137
9138
9140
9141
9142
9143
9144
9146
9147
9148
9151
9152
9153
9156
9159
9161
9162
9163
9169
9170
9171
9173
9174
9175
9176
9178
9180
9181
9182
9184
9185
9186
9187
9189
9190
9192
9193
9194
9195
9197
9240
9251
9252
9253
9254
9255
9256
9257
9258
9259
9260
9261
9262
9263
9265
9266
9267
9268
9269
9270
9271
9272
9273
9274
9275
9276
9277
9278
9279
9280
9281
9282
9283
9284
9285
9286
9287
9288
9290
9291
9292
9293
9294
9296
9298
9299
9300
9302
9303
9304
9305
9306
9307
9308
9309
9310
9311
9315
9316
9321
9322
9325
9326
9329
9334
9335
9336
9350
9355
9357
9358
9360
9365
9370
9372
9373
9376
9379
9380
9381
9382
9384
9385
9386
9387
9388
9389
9391
9392
9393
9395
9402
9403
9404
9405
9406
9407
9408
9409
9411
9414
9415
9419
9420
9423
9424
9425
9426
9427
9430
9436
9439
9440
9441
9442
9443
9444
9445
9446
9447
9448
9450
9451
9453
9454
9455
9470
9471
9475
9476
9479
9480
9481
9482
9483
9484
9485
9486
9487
9488
9489
9496
9497
9498
9501
9502
9503
9504
9505
9506
9507
9508
9509
9510
9511
9512
9513
9514
9515
9516
9517
9518
9519
9520
9521
9525
9531
9532
9533
9536
9540
9545
9550
9580
9582
9583
9584
9585
9586
9587
9590
9593
9595
9600
9601
9602
9603
9609
9610
9612
9615
9616
9620
9621
9624
9650
9651
9657
9664
9670
9672
9690
9691
9692
9700
9709
9710
9711
9712
9713
9714
9715
9716
9717
9722
9730
9735
9740
9742
9750
9751
9760
9763
9764
9765
9768
9770
9771
9772
9773
9775
9782
9790
9800
9802
9810
9811
9815
9820
9826
9840
9845
9846
9900
9910
9912
9914
9915
9916
9917
9925
9930
9935
9950
9951
9960
9980
9981
9982
9990
9991